7.864673210332950859e-01 5.147086656834101159e-01 7.948584359088628482e-01 5.216259277577175446e-01 1.109710632922625395e+00 1.166869373983374647e+00 1.117557473827589520e+00 1.162030327997266133e+00 4.637448657439996458e-01 1.000000000000000000e+00 1.438230605717733424e+00 1.419234646607957728e+00
7.480650371420376477e-01 4.737492372396231444e-01 7.602169294187647308e-01 4.725575502042573817e-01 1.030483886676558214e+00 1.102174865264459180e+00 1.039997407269149132e+00 1.108972644120904238e+00 4.732747611236940988e-01 1.000000000000000000e+00 1.312049982872874221e+00 1.277124158202893822e+00
8.472865702831258172e-01 5.495277835975150849e-01 8.638695241841354289e-01 5.498227903826919949e-01 1.172576795136168748e+00 1.259373434686625437e+00 1.188924603784147216e+00 1.246007324132778482e+00 4.860881177481561899e-01 1.000000000000000000e+00 1.517905743127455409e+00 1.500150919399923621e+00
8.959911445352527481e-01 5.654786057979932501e-01 9.190020829426353011e-01 5.654462197678449265e-01 1.199698921297823961e+00 1.334565796592764197e+00 1.209067726793509934e+00 1.323303321640227903e+00 6.082094644691572460e-01 1.000000000000000000e+00 1.557305835326329602e+00 1.551814300098835808e+00
6.662789053786999371e-01 5.059498862386585527e-01 6.607234014583899251e-01 4.969160301502023591e-01 9.497193497770742843e-01 1.088776429713189220e+00 9.679579846509798191e-01 1.055702062528456331e+00 9.667651110993011887e-01 1.000000000000000000e+00 1.410898786605290667e+00 1.351112963964561375e+00
6.649266431252707221e-01 4.413476480407472757e-01 6.519423942139263017e-01 4.459653237938053794e-01 9.057161978560838156e-01 1.016221300224176005e+00 9.165168499433383742e-01 1.000643441744316631e+00 4.013618805093761566e-01 1.000000000000000000e+00 1.203344113425494966e+00 1.182855618144287302e+00
8.940189385157788493e-01 6.220098811188607968e-01 9.008674416470056068e-01 6.346466553425547108e-01 1.299223592874187316e+00 1.348880558975971145e+00 1.286472926619863122e+00 1.348318298955398120e+00 5.696705549154612580e-01 1.000000000000000000e+00 1.813848320302138273e+00 1.813861656424697433e+00
1.188426793253094527e+00 7.970801500189741429e-01 1.192071119876539687e+00 7.405201961081513407e-01 1.454197429095203997e+00 1.626078051615658993e+00 1.446925231801978518e+00 1.614658372535527908e+00 7.249320819875695321e-01 1.000000000000000000e+00 2.070045915656574920e+00 2.168653249772384495e+00
1.054872300628658888e+00 9.477998984088823464e-01 1.054888076277085363e+00 9.477949452778618999e-01 1.701676016085066800e+00 1.692604691517480164e+00 1.701683480702752771e+00 1.692605873090160973e+00 9.994143210509646158e-01 1.000000000000000000e+00 1.633872388752378058e+00 1.591794864270464238e+00
8.760225439618947174e-01 7.370270991850486064e-01 8.760206768251377341e-01 7.370273532417149775e-01 1.380693715947133526e+00 1.354573865982350966e+00 1.380694164982282368e+00 1.354574479740410675e+00 8.117406660693240461e-01 1.000000000000000000e+00 1.435162954743728125e+00 1.318549802067059851e+00
